65971822
8820522
18409038
32342643
14207222
55068880
91185928
55065908
103593543
8558264
55068741
111867040
13844443
66295443
62749746
117688373
15835743
41397203
105019586
11081968
105020660
30831468
104004117
16221043
39605728
38572117
55584828
55663428
92826028
54319628
15835742
16221042
21689028
105240140
91159573
8098722
11554422
64450879
16365928
97070117
53040121
23673458
53061256
124711220
53043296
112876340
34860364
103217043
87767043
2879264
110188173
111917673
114860340
125412984
125412983
103729328
23983328
29216325
4410043
4410042
2629808
60481317
2632780
8624543
55638717
8624542
2632641
75222428
19144928
90534928
3706922
74627586
74628660
87449528
81320056
81298921
55779624
55793955
81302096
15046022
23936169
17422422
114789340
5864464
4365169
74946722
76788917
10395922
66206985
70765528
49867028
81503722
56950328
22574644
7679880
7679741
7676908
71670225
48995104
8612268
881455
81480722
7521083
7523953
898759
898152
890519
43542268
4610442
4610443
86303343
14938708
4684822
14941541
14941680
6870470
7852159
7828859
6870469
6870472
6870474
69569652
6870476
6870477
6870473
6870475
6870471
10124122
47379028